-9.210757004963753570e+04
-6.140504669975835714e+04
-3.070252334987917857e+04
1.070252334987917857e+04
3.070252334987917857e+04
6.140504669975835714e+04
9.210757004963753570e+04
1.228100933995167143e+05
1.535126167493958783e+05
1.842151400992750714e+05
2.149176634491542354e+05
2.456201867990334285e+05
2.763227101489126217e+05
3.070252334987917566e+05
3.377277568486709497e+05
3.684302801985501428e+05
3.991328035484293359e+05
4.298353268983084708e+05
4.605378502481876640e+05
4.912403735980668571e+05
5.219428969479460502e+05
5.526454202978252433e+05
5.833479436477044364e+05
6.140504669975835131e+05
6.447529903474627063e+05
6.754555136973418994e+05
7.061580370472210925e+05
7.368605603971002856e+05
7.675630837469794787e+05
7.982656070968586719e+05
8.289681304467378650e+05
8.596706537966169417e+05
8.903731771464961348e+05
9.210757004963753279e+05
9.517782238462545210e+05
9.824807471961337142e+05
1.013183270546012907e+06
1.043885793895892100e+06
1.074588317245771177e+06
1.105290840595650487e+06
1.135993363945529563e+06
1.166695887295408873e+06
1.197398410645287950e+06
1.228100933995167026e+06
1.258803457345046336e+06
1.289505980694925413e+06
1.320208504044804722e+06
1.350911027394683799e+06
1.381613550744563108e+06
1.412316074094442185e+06
1.443018597444321262e+06
1.473721120794200571e+06
1.504423644144079648e+06
1.523387467694421299e+06
1.542590337343944237e+06
1.562035266358269146e+06
1.581725305986356921e+06
1.601663545939307194e+06
1.621853114875182509e+06
1.642297180889954325e+06
1.662998952014630428e+06
1.683961676718648756e+06
1.705188644419624936e+06
1.726683185999511974e+06
1.748448674327280140e+06
1.770488524788176874e+06
1.792806195819656597e+06
1.815405189454077743e+06
1.838289051868224051e+06
1.861461373939768877e+06
1.884925791810743976e+06
1.908685987458110088e+06
1.932745689271531068e+06
1.957108672638414893e+06
1.981778760536344722e+06
2.006759824132968206e+06
2.032055783393448917e+06
2.057670607695582556e+06
2.083608316452655243e+06
2.109872979744166601e+06
2.136468718954491895e+06
2.163399707419598475e+06
2.190670171081919689e+06
2.218284389153472148e+06
2.246246694787346292e+06
2.274561475757651031e+06
2.303233175148027018e+06
2.332266292048852891e+06
2.361665382263223641e+06
2.391435059021840803e+06
2.421579993706907146e+06
2.452104916585145053e+06
2.483014617550064344e+06
2.514313946873572655e+06
2.546007815967075992e+06
2.578101198152158409e+06
2.610599129440987483e+06
2.643506709326547571e+06
2.676829101582841948e+06
2.710571535075182561e+06
2.744739304580686148e+06
2.779337771619118750e+06
2.814372365294209216e+06
2.849848583145572338e+06
2.885771992011372000e+06
2.922148228901850060e+06
2.958983001883876976e+06
2.996282090976639185e+06
3.034051349058632273e+06
3.072296702786078211e+06
3.111024153522921260e+06
3.150239778282546438e+06
3.189949730681365822e+06
3.230160241904431954e+06
3.270877621683221310e+06
3.312108259285737760e+06
3.353858624519103672e+06
3.396135268744779751e+06
3.438944825906591956e+06
3.482294013571717311e+06
3.526189633984779939e+06
3.570638575135248713e+06
3.615647811838275287e+06
3.661224406829169486e+06
3.707375511871668510e+06
3.754108368880169000e+06
3.801430311056111474e+06
3.849348764038686175e+06
3.897871247070044279e+06
3.947005374175206758e+06
3.996758855356828310e+06
4.047139497805038001e+06
4.098155207122516353e+06
4.149813988565027714e+06
4.202123948297586292e+06
4.255093294666453265e+06
4.308730339487168938e+06
4.363043499348817393e+06
4.418041296934742481e+06
4.473732362359907478e+06
4.530125434525105171e+06
4.587229362488248385e+06
4.645053106852934696e+06
4.703605741174526513e+06
4.762896453383956105e+06
4.822934547229462303e+06
4.883729443736520596e+06
4.945290682686153799e+06
5.007627924111898988e+06
5.070750949815639295e+06
5.134669664902532473e+06
5.199394099335298873e+06
5.264934409508092329e+06
5.331300879840215668e+06
5.398503924389938824e+06
5.466554088488631882e+06
5.535462050395519473e+06
5.605238622973279096e+06
5.675894755384772085e+06
5.747441534811165184e+06
5.819890188191692345e+06
5.893252083985365927e+06
5.967538733954875730e+06
6.042761794972993433e+06
6.118933070851744153e+06
6.196064514194620773e+06
6.274168228272163309e+06
6.353256468921167776e+06
6.433341646467837505e+06
6.514436327675199136e+06
6.596553237715026364e+06
6.679705262164654210e+06
6.763905449028942734e+06
6.849167010787735693e+06
6.935503326469144784e+06
7.022927943748938851e+06
7.111454581076415256e+06
7.201097129827059805e+06
7.291869656482346356e+06
7.383786404837026261e+06
7.476861798234214075e+06
7.571110441828670911e+06
7.666547124878597446e+06
7.763186823066333309e+06
7.861044700848309323e+06
7.960136113834609278e+06
8.060476611198536120e+06
8.162081938116534613e+06
8.264968038238910958e+06
8.369151056191642769e+06
8.474647340109778568e+06
8.581473444202717394e+06
8.689646131351880729e+06
8.799182375741092488e+06
8.910099365520102903e+06
9.022414505501745269e+06
9.136145419893035665e+06
9.251309955060711130e+06
9.367926182331662625e+06
9.486012400828603655e+06
9.605587140341565013e+06
9.726669164235513657e+06
9.849277472394652665e+06
9.973431304203856736e+06
1.009915014156763814e+07
1.022645371196722239e+07
1.035536199155613221e+07
1.048589520829476602e+07
1.061807384512456506e+07
1.075191864318209700e+07
1.088745060505373962e+07
1.102469099807134271e+07
1.116366135764942132e+07
1.130438349066447839e+07
1.144687947887684219e+07
1.159117168239571899e+07
1.173728274318786524e+07
1.188523558863049373e+07
1.203505343510901742e+07
1.218675979166005924e+07
1.234037846366047487e+07
1.249593355656281114e+07
1.265344947967785411e+07
1.281295095000491850e+07
1.297446299611033499e+07
1.313801096205489896e+07
1.330362051137079112e+07
1.347131763108860701e+07
1.364112863581522182e+07
1.381308017186296172e+07
1.398719922143092006e+07
1.416351310683891922e+07
1.434204949481483176e+07
1.452283640083603188e+07
1.470590219352544658e+07
1.489127559910314344e+07
1.507898570589395799e+07
1.526906196889192984e+07
1.546153421438236348e+07
1.565643264462202787e+07
1.585378784257848002e+07
1.605363077672903426e+07
1.625599280592023954e+07
1.646090568428868428e+07
1.666840156624370813e+07
1.687851301151305065e+07
1.709127299025201797e+07
1.730671488821703941e+07
1.752487251200455800e+07
1.774578009435578436e+07
1.796947229952847585e+07
1.819598422873635590e+07
1.842535142565706000e+07
1.865760988200962916e+07
1.889279604320216924e+07
1.913094681405084208e+07
1.937209956457082927e+07
1.961629213584032655e+07
1.986356284593853727e+07
2.011395049595836550e+07
2.036749437609504908e+07
2.062423427181146294e+07
2.088421047008110955e+07
2.114746376570991799e+07
2.141403546773759276e+07
2.168396740591979027e+07
2.195730193729189783e+07
2.223408195281556994e+07
2.251435088410914317e+07
2.279815271026273072e+07
2.308553196473937854e+07
2.337653374236311764e+07
2.367120370639508590e+07
2.396958809569899365e+07
2.427173373199668527e+07
2.457768802721539140e+07
2.488749899092744663e+07
2.520121523788378015e+07
2.551888599564252794e+07
2.584056111229358241e+07
2.616629106428071484e+07
2.649612696432217956e+07
2.683012056943114847e+07
2.716832428903739154e+07
2.751079119321110845e+07
2.785757502099066228e+07
2.820873018881511688e+07
2.856431179906309769e+07
2.892437564869940281e+07
2.928897823803041875e+07
2.965817677957009897e+07
3.003202920701756701e+07
3.041059418434787914e+07
3.079393111501752958e+07
3.118210015128577501e+07
3.157516220365367457e+07
3.197317895042197034e+07
3.237621284736943617e+07
3.278432713755340874e+07
3.319758586123356968e+07
3.361605386592112482e+07
3.403979681655443460e+07
3.446888120580297709e+07
3.490337436450126767e+07
3.534334447221417725e+07
3.578886056793557107e+07
3.623999256092167646e+07
3.669681124166104198e+07
3.715938829298292100e+07
3.762779630130539089e+07
3.810210876802557707e+07
3.858240012105325609e+07
3.906874572648981959e+07
3.956122190045468509e+07
4.005990592106043547e+07
4.056487604053930938e+07
4.107621149752222002e+07
4.159399252947263420e+07
4.211830038527740538e+07
4.264921733799593896e+07
4.318682669777043909e+07
4.373121282489867508e+07
4.428246114307147264e+07
4.484065815277738869e+07
4.540589144487594068e+07
4.597824971434231102e+07
4.655782277418506145e+07
4.714470156953930855e+07
4.773897819193772227e+07
4.834074589376124740e+07
4.895009910287193954e+07
4.956713343743051589e+07
5.019194572090035677e+07
5.082463399724090099e+07
5.146529754629244655e+07
5.211403689935479313e+07
5.277095385496251285e+07
5.343615149485874176e+07
5.410973420017068833e+07
5.479180766778875887e+07
5.548247892695217580e+07
5.618185635604391247e+07
5.689004969959696382e+07
5.760717008551533520e+07
5.833333004251189530e+07
5.906864351776600629e+07
5.981322589480402321e+07
6.056719401160474122e+07
6.133066617893355340e+07
6.210376219890733808e+07
6.288660338379346579e+07
6.367931257504598796e+07
6.448201416258137673e+07
6.529483410429768264e+07
6.611789994583944976e+07
6.695134084061174840e+07
6.779528757004682720e+07
6.864987256412573159e+07
6.951522992215915024e+07
7.039149543382978439e+07
7.127880660050006211e+07
7.217730265678872168e+07
7.308712459241887927e+07
7.400841517434203625e+07
7.494131896914061904e+07
7.588598236571280658e+07
7.684255359824386239e+07
7.781118276946632564e+07
7.879202187421402335e+07
7.978522482327258587e+07
8.079094746753060818e+07
8.180934762243567407e+07
8.284058509275820851e+07
8.388482169766740501e+07
8.494222129612392187e+07
8.601294981259191036e+07
8.709717526307557523e+07
8.819506778148384392e+07
8.930679964632703364e+07
9.043254530775088072e+07
9.157248141491048038e+07
9.272678684368969500e+07
9.389564272476996481e+07
9.507923247205255926e+07
9.627774181143996119e+07
9.749135880997914076e+07
9.872027390537258983e+07
9.996467993586142361e+07
1.012247721704851091e+08
1.025007483397221565e+08
1.037928086665181816e+08
1.051011558977039009e+08
1.064259953358097523e+08
1.077675348712816238e+08
1.091259850151019841e+08
1.105015589318234324e+08
1.118944724730174690e+08
1.133049442111455351e+08
1.147331954738569260e+08
1.161794503787184954e+08
1.176439358683833182e+08
1.191268817462015450e+08
1.206285207122805864e+08
1.221490883999999911e+08
1.236888234129860252e+08
1.252479673625533283e+08
1.268267649056175649e+08
