0.668336179999999877e+04
1.668336179999999877e+04
3.336672359999999753e+04
5.561120599999999104e+04
5.778400068567412382e+04
6.004168899415682245e+04
6.238758781831472152e+04
6.482514364588777971e+04
6.735793762291189341e+04
6.998969081497595471e+04
7.272426967404180323e+04
7.556569171885935066e+04
7.851813143732234312e+04
8.158592641943585477e+04
8.477358372990581847e+04
8.808578652971364500e+04
9.152740095640289655e+04
9.510348327318699739e+04
9.881928729738094262e+04
1.026802721190705633e+05
1.066921101213590882e+05
1.108606953139738325e+05
1.151921519924774620e+05
1.196928437358038354e+05
1.243693827553384617e+05
1.292286396092786308e+05
1.342777532965440769e+05
1.395241417450699373e+05
1.449755127098882804e+05
1.506398750970108958e+05
1.565255507297493750e+05
1.626411865747590200e+05
1.689957674457685789e+05
1.755986292036595405e+05
1.824594724722873361e+05
1.895883768901971052e+05
1.969958159191691666e+05
2.046926722313521605e+05
2.126902536975899420e+05
2.210003100004294247e+05
2.296350498962207348e+05
2.386071591516650806e+05
2.479298191811659490e+05
2.576167264123629429e+05
2.676821124082995811e+05
2.781407647757878294e+05
2.890080488906870596e+05
3.002999304720131913e+05
3.120329990380482632e+05
3.242244922789038974e+05
3.368923213813512702e+05
3.500550973431213060e+05
3.637321583153338870e+05
3.779435980132310651e+05
3.927102952369472478e+05
4.080539445456918911e+05
4.239970881304083741e+05
4.405631489317342057e+05
4.577764650519192801e+05
4.756623255112577463e+05
4.942470074015634018e+05
5.135578144912794232e+05
5.336231173389297910e+05
5.544723949738532538e+05
5.761362782054486452e+05
5.986465946245687082e+05
6.220364153631655499e+05
6.463401036808917997e+05
6.715933654500378761e+05
6.978333016129732132e+05
7.250984626891617663e+05
7.534289054118297063e+05
7.828662515774953645e+05
8.134537491948138922e+05
8.452363360225872602e+05
8.782607055902702268e+05
9.125753757979797665e+05
9.482307601967810187e+05
9.852792420539862942e+05
1.023775251312263077e+06
1.063775344555628253e+06
1.105338288099805824e+06
1.148525144329024013e+06
1.193399361406086013e+06
1.240026866487526568e+06
1.288476162580786506e+06
1.338818429185710149e+06
1.391127626868229359e+06
1.445480605919857742e+06
1.501957219262637896e+06
1.560640439765421906e+06
1.621616482143832138e+06
1.684974929622991011e+06
1.750808865549123846e+06
1.819215010143367806e+06
1.890293862598719541e+06
1.964149848728869809e+06
2.040891474385859212e+06
2.120631484871934634e+06
2.203487030579808168e+06
2.289579839104688726e+06
2.379036394080916885e+06
2.471988121005960740e+06
2.568571580324777402e+06
2.668928668058198411e+06
2.773206824270098936e+06
2.881559249679634348e+06
2.994145130736755207e+06
3.111129873491695151e+06
3.232685346602003090e+06
3.358990133834156673e+06
3.490229796430698596e+06
3.626597145728358068e+06
3.768292526427700650e+06
3.915524110930431169e+06
4.068508205176805612e+06
4.227469566432480700e+06
4.392641733491647057e+06
4.564267369781589136e+06
4.742598619872754440e+06
4.927897479918068275e+06
5.120436182565748692e+06
5.320497596911130473e+06
5.528375644075053744e+06
5.744375729019382037e+06
5.968815189234087244e+06
6.202023760955025442e+06
6.444344063597405329e+06
6.696132103116642684e+06
6.957757795036069117e+06
7.229605507910019718e+06
7.512074628020583652e+06
7.805580146137751639e+06
8.110553267204962671e+06
8.427442043845769018e+06
8.756712034622363746e+06
9.098846988012984395e+06
9.454349553113203496e+06
9.823742018105059862e+06
1.020756707757908665e+07
1.060638862983648665e+07
1.102079260534285940e+07
1.145138782755051367e+07
1.189880690735423565e+07
1.236370717249435745e+07
1.284677163327276334e+07
1.334870998600052483e+07
1.387025965565140545e+07
1.441218687925307453e+07
1.497528783160759695e+07
1.556038979499528930e+07
1.616835237458012626e+07
1.680006876130251214e+07
1.745646704411475733e+07
1.813851157348711416e+07
1.884720437818751112e+07
1.958358663741670176e+07
2.034874021046127751e+07
2.114378922611207515e+07
2.196990173418302462e+07
2.282829142155677080e+07
2.372021939527809247e+07
2.464699603531507775e+07
2.560998291970963404e+07
2.661059482494596764e+07
2.765030180447578058e+07
2.873063134845385328e+07
2.985317062785708904e+07
3.101956882628369331e+07
3.223153956285883859e+07
3.349086340980571508e+07
3.479939050838120282e+07
3.615904328701919317e+07
3.757181928567489982e+07
3.903979409051950276e+07
4.056512438329706341e+07
4.215005110982296616e+07
4.379690277227956802e+07
4.550809885014551878e+07
4.728615335478495806e+07
4.913367852291831374e+07
5.105338865440185368e+07
5.304810409995324165e+07
5.512075540468247980e+07
5.727438761351530999e+07
5.951216474483460188e+07
6.183737443891215324e+07
6.425343278795981407e+07
6.676388935489704460e+07
6.937243238820683956e+07
7.208289424054256082e+07
7.489925699904596806e+07
7.782565833564838767e+07
8.086639758594961464e+07
8.402594206560651958e+07
8.730893363350942731e+07
9.072019551139003038e+07
9.426473936987902224e+07
9.794777269142450392e+07
1.017747064208881408e+08
1.057511629150585830e+08
1.098829842027626932e+08
1.141762405677078664e+08
1.186372394666666687e+08
1.232725347961048037e+08
1.280889365208678991e+08
1.330935206790714264e+08
