-5.548110329800712837e-01
-4.510268117962621393e-01
-3.175604292915207849e-01
0.020000000000000000
3.175604292915207849e-01
4.510268117962621393e-01
5.548110329800712837e-01
6.435011087932842599e-01
7.227342478134156645e-01
7.953988301841432573e-01
8.632118900695409103e-01
9.272952180016120760e-01
9.884320889261530851e-01
1.047197551196597853e+00
1.104030987747600001e+00
1.159279480727408496e+00
1.213225223149386300e+00
1.266103672779498979e+00
1.318116071652817967e+00
1.369438406004565678e+00
1.420228054018210395e+00
1.470628905633336814e+00
1.520775469989126494e+00
1.570796326794896558e+00
1.620817183600666622e+00
1.670963747956456302e+00
1.721364599571582499e+00
1.772154247585227438e+00
1.823476581936975371e+00
1.875488980810294137e+00
1.928367430440406816e+00
1.982313172862384620e+00
2.037561665842193115e+00
2.094395102393195707e+00
2.153160564663640031e+00
2.214297435588180818e+00
2.278380763520252206e+00
2.346193823405649415e+00
2.418858405776377563e+00
2.498091544796508856e+00
2.586781620609721610e+00
2.690565841793530755e+00
2.824032224298271831e+00
3.121599653589793116e+00
3.459153082881314401e+00
3.592619465386055477e+00
3.696403686569864622e+00
